#ifndef STATIC_EVAL_TABLES_H
#define STATIC_EVAL_TABLES_H

#include "bot-types.h"

score_centipawn_t pawn_square_tables[2][64] = {
    {
        // mid game
        0,   0,   0,   0,   0,   0,   0,   0,    //
        230, 250, 250, 250, 250, 250, 250, 230,  //
        150, 160, 160, 170, 170, 160, 160, 150,  //
        100, 100, 120, 150, 150, 100, 100, 100,  //
        80,  80,  110, 130, 130, 80,  80,  80,   //
        75,  60,  100, 115, 115, 60,  60,  75,   //
        110, 120, 120, 90,  90,  120, 120, 110,  //
        0,   0,   0,   0,   0,   0,   0,   0,    //
    },
    {
        // end game
        0,   0,   0,   0,   0,   0,   0,   0,    //
        235, 250, 250, 250, 250, 250, 250, 235,  //
        170, 180, 180, 180, 180, 180, 180, 170,  //
        110, 115, 115, 115, 115, 115, 115, 110,  //
        105, 105, 105, 105, 105, 105, 105, 105,  //
        90,  90,  90,  90,  90,  90,  90,  90,   //
        85,  85,  85,  85,  85,  85,  85,  85,   //
        0,   0,   0,   0,   0,   0,   0,   0,    //
    },
};

score_centipawn_t knight_square_tables[2][64] = {
    {
        250, 275, 280, 280, 280, 280, 275, 250,  //
        275, 285, 290, 290, 290, 290, 285, 275,  //
        280, 290, 300, 300, 300, 300, 290, 280,  //
        280, 290, 300, 325, 325, 300, 290, 280,  //
        280, 290, 300, 325, 325, 300, 290, 280,  //
        280, 290, 300, 300, 300, 300, 290, 280,  //
        275, 285, 290, 290, 290, 290, 285, 275,  //
        250, 275, 280, 280, 280, 280, 275, 250,  //
    },
    {
        250, 275, 280, 280, 280, 280, 275, 250,  //
        275, 285, 290, 290, 290, 290, 285, 275,  //
        280, 290, 300, 300, 300, 300, 290, 280,  //
        280, 290, 300, 325, 325, 300, 290, 280,  //
        280, 290, 300, 325, 325, 300, 290, 280,  //
        280, 290, 300, 300, 300, 300, 290, 280,  //
        275, 285, 290, 290, 290, 290, 285, 275,  //
        250, 275, 280, 280, 280, 280, 275, 250,  //
    }};

score_centipawn_t bishop_square_tables[2][64] = {
    {
        250, 275, 280, 280, 280, 280, 275, 250,  //
        275, 285, 290, 290, 290, 290, 285, 275,  //
        280, 290, 300, 300, 300, 300, 290, 280,  //
        280, 290, 300, 325, 325, 300, 290, 280,  //
        280, 290, 300, 325, 325, 300, 290, 280,  //
        280, 290, 300, 300, 300, 300, 290, 280,  //
        275, 285, 290, 290, 290, 290, 285, 275,  //
        250, 275, 280, 280, 280, 280, 275, 250,  //
    },
    {
        250, 275, 280, 280, 280, 280, 275, 250,  //
        275, 285, 290, 290, 290, 290, 285, 275,  //
        280, 290, 300, 300, 300, 300, 290, 280,  //
        280, 290, 300, 325, 325, 300, 290, 280,  //
        280, 290, 300, 325, 325, 300, 290, 280,  //
        280, 290, 300, 300, 300, 300, 290, 280,  //
        275, 285, 290, 290, 290, 290, 285, 275,  //
        250, 275, 280, 280, 280, 280, 275, 250,  //
    }};

score_centipawn_t rook_square_tables[2][64] = {
    {
        490, 500, 500, 500, 500, 500, 500, 490,  //
        550, 550, 550, 550, 550, 550, 550, 550,  //
        500, 500, 500, 500, 500, 500, 500, 500,  //
        520, 500, 500, 500, 500, 500, 500, 520,  //
        520, 500, 500, 500, 500, 500, 500, 520,  //
        500, 500, 500, 500, 500, 500, 500, 500,  //
        500, 500, 500, 500, 500, 500, 500, 500,  //
        490, 500, 500, 520, 520, 500, 500, 490,  //
    },
    {
        490, 500, 500, 500, 500, 500, 500, 490,  //
        550, 550, 550, 550, 550, 550, 550, 550,  //
        500, 500, 510, 510, 510, 510, 500, 500,  //
        520, 500, 510, 510, 510, 510, 500, 520,  //
        520, 500, 510, 510, 510, 510, 500, 520,  //
        500, 500, 510, 510, 510, 510, 500, 500,  //
        500, 500, 500, 500, 500, 500, 500, 500,  //
        490, 500, 500, 520, 520, 500, 500, 490,  //
    }};

score_centipawn_t queen_square_tables[2][64] = {
    {
        900, 900, 900, 900, 900, 900, 900, 900,  //
        900, 900, 900, 900, 900, 900, 900, 900,  //
        900, 900, 900, 900, 900, 900, 900, 900,  //
        900, 900, 900, 900, 900, 900, 900, 900,  //
        900, 900, 900, 900, 900, 900, 900, 900,  //
        900, 900, 900, 900, 900, 900, 900, 900,  //
        900, 900, 900, 900, 900, 900, 900, 900,  //
        900, 900, 900, 900, 900, 900, 900, 900,  //
    },
    {
        850, 880, 880, 880, 880, 880, 880, 850,  //
        880, 900, 900, 910, 910, 900, 900, 880,  //
        880, 900, 915, 915, 915, 915, 900, 880,  //
        880, 910, 915, 925, 925, 915, 910, 880,  //
        880, 910, 915, 925, 925, 915, 910, 880,  //
        880, 900, 915, 915, 915, 915, 900, 880,  //
        880, 900, 900, 910, 910, 900, 900, 880,  //
        850, 880, 880, 880, 880, 880, 880, 850,  //
    },
};

score_centipawn_t king_square_tables[2][64] = {
    {
        19900, 19900, 19900, 19900, 19900, 19900, 19900, 19900,  //
        19910, 19910, 19910, 19910, 19910, 19910, 19910, 19910,  //
        19920, 19920, 19920, 19920, 19920, 19920, 19920, 19920,  //
        19930, 19930, 19930, 19930, 19930, 19930, 19930, 19930,  //
        19940, 19940, 19940, 19940, 19940, 19940, 19940, 19940,  //
        19960, 19950, 19950, 19950, 19950, 19950, 19950, 19960,  //
        19990, 19990, 19970, 19970, 19970, 19970, 19990, 19990,  //
        20000, 20020, 20010, 19990, 19990, 20010, 20025, 20000,  //
    },
    {
        19850, 19900, 19900, 19900, 19900, 19900, 19900, 19850,  //
        19900, 19975, 19975, 19975, 19975, 19975, 19975, 19900,  //
        19900, 19975, 20000, 20000, 20000, 20000, 19975, 19900,  //
        19900, 19975, 20000, 20025, 20025, 20000, 19975, 19900,  //
        19900, 19975, 20000, 20025, 20025, 20000, 19975, 19900,  //
        19900, 19975, 20000, 20000, 20000, 20000, 19975, 19900,  //
        19900, 19975, 19975, 19975, 19975, 19975, 19975, 19900,  //
        19850, 19900, 19900, 19900, 19900, 19900, 19900, 19850,  //
    }};

#endif